-1.39847660065 0.24235868454 0.0 0.0 0.0 0.998209384656 0.0598165895417
-3.19153594971 0.517993688583 0.0 0.0 0.0 -0.999994429894 0.00333769098963
-5.03367424011 0.328000307083 0.0 0.0 0.0 -0.979959600299 0.199196339782
-5.78811264038 -0.562296152115 0.0 0.0 0.0 -0.903929949766 0.427680541895
-6.06476688385 -2.42997694016 0.0 0.0 0.0 -0.598952204029 0.800784775885
-5.50261688232 -3.88283729553 0.0 0.0 0.0 -0.351373482182 0.936235374262
-4.62139034271 -4.64078617096 0.0 0.0 0.0 -0.179434192721 0.983769978441
-3.19324874878 -4.76555013657 0.0 0.0 0.0 0.0564767424245 0.998403915039
-1.02978897095 -4.38732004166 0.0 0.0 0.0 0.455225555498 0.890376152882
-0.3229637146 -2.29670238495 0.0 0.0 0.0 0.631963607919 0.774998063395
-0.333620071411 -0.620588183403 0.0 0.0 0.0 0.81195561979 0.58371917177
